1.45654296875 0.032933264111239355
0.72119140625 0.035970487489698985
0.7646484375 0.03685503393484491
0.74462890625 0.03811465319258453
0.84912109375 0.033005993711506997
0.72216796875 0.03617843830466283
-0.2314453125 0.037520084428925154
0.408203125 0.038066617507556806
-0.248046875 0.03711333946505057
-0.93896484375 0.03815415033539382
-1.1416015625 0.0368951299683567
-1.673828125 0.037608386949001746
-0.333984375 0.04019957591000383
-1.666015625 0.037634588851815164
-1.9873046875 0.03394280012665142
-2.12451171875 0.03238524218971545
-2.81396484375 0.032042384676819816
-3.82958984375 0.03080411380191033
-2.9404296875 0.03504120537584175
-3.7177734375 0.03056873359592685
-4.1259765625 0.031470365542945515
-4.20263671875 0.030534578931775424
-3.9638671875 0.03282049012925688
-2.85498046875 0.03339389235982439
-4.068359375 0.03181705968290022
-3.998046875 0.0320757379256765
-2.91552734375 0.03245265388692316
-4.08935546875 0.030970961329841055
-4.2080078125 0.030564638384826696
-3.90771484375 0.029042453253843827
-3.77197265625 0.031219248377027057
-4.2412109375 0.03073027768574598
-4.283203125 0.03051395330082684
-4.21435546875 0.031129073478377536
-4.287109375 0.030542819756077866
-4.248046875 0.03162750900161481
-4.23828125 0.03069500254657397
-4.26513671875 0.030571231405317933
-4.17724609375 0.029925310837816577
-4.31494140625 0.030628061178872276
-4.216796875 0.030604011594664124
-4.2548828125 0.030795791652587334
-4.248046875 0.03132128660042193
-4.212890625 0.03091579111497715
-4.3310546875 0.030490085821280946
-4.2958984375 0.030753729686091955
-4.345703125 0.030519213316615914
-4.3427734375 0.030461966414297798
-4.36767578125 0.03028987543571464
-4.31982421875 0.03036708423789715
-4.27880859375 0.030615114993737088
-4.3359375 0.03028909599130173
-4.33837890625 0.030427018363745666
-4.3310546875 0.030410983854326307
-4.3369140625 0.03031913862392035
-4.2880859375 0.030409961493322226
-4.32763671875 0.03050608447900106
-4.33349609375 0.030394151684876452
-4.3017578125 0.030421974935946117
-4.30810546875 0.030433695720317646
-4.34619140625 0.03035478246425482
-4.36083984375 0.03037169300331623
-4.3828125 0.030210602889355575
-4.33056640625 0.030404321616479303
-4.3369140625 0.03033280232798551
-4.333984375 0.030391338552220808
-4.25634765625 0.030595716843312103
-4.328125 0.030393710144679495
-4.30810546875 0.030539406446704744
-4.337890625 0.030488170497872596
-4.33837890625 0.03028534457441808
-4.3349609375 0.03042776174654942
-4.30419921875 0.030566389869001294
-4.3330078125 0.030342254078096147
-4.31591796875 0.030417135482820417
-4.31005859375 0.030462980340659956
-4.283203125 0.030516788518096884
-4.3349609375 0.030313413665839863
-4.30859375 0.030448341551161003
-4.28466796875 0.030485917977053953
-4.3203125 0.0305058793109914
-4.3388671875 0.030387985823880595
-4.33056640625 0.03036283143702154
-4.29150390625 0.030627515606401316
-4.341796875 0.030296243831180035
-4.3447265625 0.030299568280202267
-4.3134765625 0.030553477577927646
-4.3671875 0.030297565967889937
-4.349609375 0.030321548506026984
-4.30810546875 0.03052136609389428
-4.3173828125 0.030484413975836254
-4.330078125 0.030490927914431164
-4.3427734375 0.0304157161339212
-4.33056640625 0.030450635091814667
-4.341796875 0.030365171701645963
-4.3125 0.03041312036298853
-4.27978515625 0.03061440944144307
-4.2880859375 0.030633256937006744
-4.33740234375 0.030394262787256508
-4.36669921875 0.03028397576344452
