-0.54248046875 0.03872410454042556
-0.71533203125 0.03645621173300835
-1.51904296875 0.03862441112060769
-1.6357421875 0.03726602173429364
-1.2314453125 0.04183753613242604
-1.6845703125 0.037705766960584225
-1.39453125 0.039935257419132814
-1.90673828125 0.0373361879419674
-1.482421875 0.042678294050276365
-2.32763671875 0.0335041099219706
-1.5205078125 0.028374380730316603
-2.1806640625 0.03517846603748024
-2.0888671875 0.03778370260547176
-2.99853515625 0.03130130399106832
-2.7158203125 0.03362166341269324
-3.02685546875 0.03153523834877389
-3.72412109375 0.029903311940791797
-3.5205078125 0.03294033219864256
-3.66552734375 0.028087024878435975
-2.24560546875 0.03611289016656498
-3.75927734375 0.028410743049668636
-3.68115234375 0.03350819339321518
-3.73974609375 0.03349661241564483
-2.30615234375 0.03468190172831407
-3.7021484375 0.02986902013643117
-3.55419921875 0.029087590447323085
-3.4326171875 0.031179157299598956
-3.77734375 0.028185783990852902
-3.76708984375 0.028541449450138045
-3.880859375 0.027783765834442
-4.10302734375 0.028849324279992386
-3.9833984375 0.030371285642703895
-3.998046875 0.02791087735347734
-4.03564453125 0.03332342465164753
-3.93359375 0.028598785636042828
-4.08447265625 0.028842651548931512
-3.9794921875 0.027854042949639682
-4.09765625 0.028593231389701802
-4.05029296875 0.03126455021836794
-4.04052734375 0.029336414600556523
-4.1025390625 0.029680228312623905
-4.06884765625 0.02880435744382331
-4.17041015625 0.027928213866275874
-4.193359375 0.02802370175657925
-4.14404296875 0.028742791969457795
-4.1708984375 0.029145108754159682
-4.17041015625 0.029873862629539397
-4.14794921875 0.028988016291133383
-4.2216796875 0.0285538789510649
-4.236328125 0.028801552771469677
-4.23828125 0.028956191514779468
-4.19140625 0.029155466752939646
-4.236328125 0.028732778615421017
-4.154296875 0.029256216301619106
-4.20654296875 0.029540139801038114
-4.20947265625 0.028166098732165606
-4.21630859375 0.028634009015268223
-4.208984375 0.02971708619030808
-4.2109375 0.028717157501707394
-4.2392578125 0.02909925446520677
-4.18212890625 0.02918710815719768
-4.20849609375 0.028903617571594764
-4.19775390625 0.028905885635766963
-4.22265625 0.02897936145942634
-4.21337890625 0.028614588366022462
-4.17822265625 0.02853100321952145
-4.19580078125 0.02899076777929774
-4.17431640625 0.029393619319582048
-4.1962890625 0.029432473101333904
-4.18310546875 0.0291069875416252
-4.21484375 0.028596645913018862
-4.21728515625 0.02892459943724323
-4.255859375 0.029414106173209085
-4.18603515625 0.029237417049553037
-4.10791015625 0.02936526881215603
-4.2177734375 0.028950802368661707
-4.20849609375 0.029338593641375685
-4.16748046875 0.02919716809653568
-4.21875 0.029495867867610635
-4.1728515625 0.029176766380107272
-4.2119140625 0.02868393311999869
-4.1708984375 0.029617334320448316
-4.1748046875 0.028833868277368394
-4.16845703125 0.029062134902225232
-4.2021484375 0.02921097293154644
-4.18798828125 0.029548696387987187
-4.14794921875 0.02927340643849157
-4.17138671875 0.028700944678088237
-4.18896484375 0.028956317182524977
-4.19677734375 0.029489608955573794
-4.18212890625 0.02934829218039954
-4.11669921875 0.02927043487121275
-4.22607421875 0.028709860886841267
-4.1376953125 0.02896809033401511
-4.248046875 0.02900258717029139
-4.1630859375 0.028717023691363593
-4.2265625 0.02907927358910199
-4.23486328125 0.029517970220435435
-4.15283203125 0.028766336195804876
-4.20458984375 0.028978293613370443
