-0.24609375 0.07725716790071056
0.083984375 0.07367927047088653
-0.490234375 0.07249796908726751
-0.119140625 0.06783973042540513
0.705078125 0.08100556788573972
0.1796875 0.08242930973768156
-1.052734375 0.06280885752423328
-0.376953125 0.06678887145648096
-0.275390625 0.06327908500959363
-1.107421875 0.07568735203505193
-1.068359375 0.07444647623412703
-1.84765625 0.06796633820411177
-2.455078125 0.06501694311360194
-2.8984375 0.06328188404413665
-2.666015625 0.05746558583704143
-2.810546875 0.06230073638090231
-3.0 0.05805420421965525
-2.802734375 0.06781488088770926
-2.916015625 0.05208463396851699
-2.873046875 0.05888548336851613
-3.4765625 0.06028440517266539
-3.484375 0.05885289356256975
-3.396484375 0.060758734931380856
-3.220703125 0.06576216430620682
-3.33984375 0.05824549282902354
-3.5078125 0.06107841323628376
-3.412109375 0.06290496262330844
-4.064453125 0.06383574868459702
-4.12890625 0.07345515606762268
-4.162109375 0.0738489234016868
-4.076171875 0.07980814487639432
-4.0234375 0.0719199271747603
-3.7578125 0.07280395302474094
-3.90234375 0.07569589947562609
-3.630859375 0.07906891646902106
-4.09375 0.07256595997075958
-4.18359375 0.07077613000491392
-4.173828125 0.06614267666729896
-3.986328125 0.07290409375537833
-4.177734375 0.06993620009702489
-3.943359375 0.07248191959595385
-3.998046875 0.07211417406009198
-4.0625 0.07268359176690965
-4.017578125 0.07225231088217568
-3.994140625 0.07290910613176074
-4.017578125 0.07262089734828155
-4.126953125 0.07246936559388105
-3.853515625 0.07291135647437715
-4.056640625 0.07390242772111841
-4.16796875 0.06951775334221726
-4.146484375 0.0710518010239449
-3.9453125 0.07231635614131171
-4.05859375 0.07087237510663509
-4.0390625 0.0727431308912124
-4.15234375 0.07073923998676858
-4.08984375 0.07302181917242082
-4.083984375 0.07227646026204297
-4.1484375 0.0707154093499302
-4.033203125 0.07197100561661318
-3.955078125 0.07398926452066916
-4.005859375 0.07289007773111689
-3.951171875 0.07382397512283359
-4.07421875 0.07207437321460071
-4.005859375 0.07085503642774692
-4.009765625 0.07072534854512495
-4.095703125 0.07163187698030561
-3.96875 0.07281358152431497
-4.078125 0.07144341742689748
-4.001953125 0.07123650707543466
-4.009765625 0.07302082337873368
-4.169921875 0.07036972658806079
-4.07421875 0.072615788050773
-4.07421875 0.0712363238649049
-4.021484375 0.07324710674055304
-4.021484375 0.07268823459680825
-3.994140625 0.072374316806796
-4.099609375 0.07125482574950184
-4.0234375 0.07217513872909675
-4.0703125 0.07233821603932324
-4.0703125 0.07309108287777466
-3.890625 0.0750064413288398
-4.052734375 0.0722794525719679
-3.982421875 0.0729298680211415
-4.03125 0.07289015446851352
-4.017578125 0.07264122827762304
-3.845703125 0.07575452319247708
-4.109375 0.07329812517512334
-4.115234375 0.07200374309231468
-4.06640625 0.07535542296064081
-4.103515625 0.07102103998560882
-4.0390625 0.074066560309673
-4.181640625 0.07093141056839133
-3.90625 0.07357410307450382
