-0.1640625 0.07320690310685835
-0.037109375 0.08370115631405421
-1.009765625 0.06009523209303024
-1.2109375 0.06648195768138272
-2.296875 0.07168269249681107
-2.4296875 0.06629081072886849
-1.841796875 0.0599484899420655
-3.037109375 0.05366548767682887
-3.189453125 0.06756102599899642
-3.0859375 0.060880529864942204
-3.099609375 0.06623709728105995
-2.306640625 0.07778995448607179
-3.65625 0.06421016809435845
-4.205078125 0.054947184193536544
-3.685546875 0.07370679734567805
-4.08203125 0.056332700941072573
-4.09375 0.06722053458551733
-4.01953125 0.062347255293266186
-4.1171875 0.05765743680431808
-3.9921875 0.057504149898458236
-4.07421875 0.05771089734267237
-4.005859375 0.05401220818582062
-4.1015625 0.05769984729104079
-4.19140625 0.056728216487592104
-4.228515625 0.05761683963385138
-4.125 0.056819709168132185
-4.08203125 0.05601113553315806
-4.201171875 0.05708811489315115
-4.169921875 0.05863710491788881
-4.17578125 0.05911279352409118
-4.244140625 0.0563949227864978
-4.146484375 0.05792653139336746
-4.171875 0.05670934789777355
-4.154296875 0.055904681078653075
-4.185546875 0.05889384169459335
-4.21484375 0.05477382376204875
-4.2109375 0.05810896820014371
-4.095703125 0.058833026782816364
-4.099609375 0.05880525908574403
-4.205078125 0.055240388450874346
-4.251953125 0.056031803204808404
-4.189453125 0.05702602819388757
-4.16796875 0.05883204435969186
-4.130859375 0.05638619403800026
-4.17578125 0.05749318982788003
-4.19921875 0.05669507723405088
-4.193359375 0.05667524359611894
-4.1015625 0.05573356303631698
-4.27734375 0.05830999023728335
-4.337890625 0.05639016181845048
-4.259765625 0.057075702956309815
-4.244140625 0.05736530845461101
-4.2109375 0.0564422791479259
-4.19921875 0.055968977800319404
-4.23828125 0.05751601554867478
-4.236328125 0.055455441726022445
-4.091796875 0.058768722690469795
-4.23828125 0.05618130858836499
-4.15234375 0.05605292893414778
-4.244140625 0.05778847891485172
-4.197265625 0.055512836647029794
-4.244140625 0.05756141310021907
-4.181640625 0.05644700268982025
-4.248046875 0.05741157211767943
-4.189453125 0.05544172267201139
-4.173828125 0.05674376027917379
-4.1953125 0.05809638925102487
-4.205078125 0.05508599418716401
-4.154296875 0.05580467262454711
-4.224609375 0.056954708498710864
-4.126953125 0.058677282171117874
-4.17578125 0.0585142728332686
-4.13671875 0.05884826808530119
-4.158203125 0.05812754284172765
-4.162109375 0.05761205019335447
-4.189453125 0.055395429438152996
-4.166015625 0.056413830441690314
-4.2265625 0.056332700941072573
-4.1015625 0.05680448156246478
-4.27734375 0.05677027020025482
-4.154296875 0.0576926410004826
-4.201171875 0.055700200212253845
-4.236328125 0.058668892992666526
-4.287109375 0.05672285897214864
-4.154296875 0.05732811453445153
-4.23046875 0.056652901884762304
